6, 73.309944, 25.116827, 362, 69.993980, 31.535616
9, 37.479469, 51.897118, 282, 43.691010, 50.595463
13, 63.364082, 26.622696, 668, 64.925308, 33.562950
14, 21.750818, 79.558769, 30, 26.684525, 77.712845
19, 67.057449, 54.298523, 898, 62.368656, 51.861279
21, 55.211716, 35.795040, 192, 60.334690, 36.189827
25, 37.537350, 66.709030, 792, 39.696930, 63.344002
30, 26.684525, 77.712845, 794, 30.769947, 73.933441
37, 38.390224, 48.606731, 282, 43.691010, 50.595463
44, 51.179413, 41.393578, 119, 52.699757, 40.105293
50, 41.334770, 66.007050, 681, 48.415173, 65.221054
54, 53.831108, 28.845814, 219, 57.462864, 34.107754
62, 17.488911, 81.810989, 85, 21.020287, 78.969345
75, 32.623268, 63.509418, 844, 33.300034, 60.506493
77, 40.906353, 53.924477, 282, 43.691010, 50.595463
85, 21.020287, 78.969345, 738, 23.743134, 75.184044
93, 36.044884, 74.976128, 891, 35.737511, 70.158058
94, 69.822464, 38.554451, 38, 70.323280, 34.357376
101, 15.215828, 78.431953, 501, 17.727139, 75.452126
103, 29.927170, 70.413544, 891, 35.737511, 70.158058
109, 19.572124, 83.498672, 14, 21.750818, 79.558769
112, 74.979500, 39.154648, 732, 73.061676, 38.889774
113, 5.679584, 88.426163, 473, 11.993162, 87.109726
117, 50.049583, 56.407608, 458, 53.095551, 54.389248
119, 52.699757, 40.105293, 181, 56.383804, 39.206844
121, 60.886925, 54.553608, 898, 62.368656, 51.861279
137, 28.785389, 78.634758, 794, 30.769947, 73.933441
140, 32.439850, 75.955032, 794, 30.769947, 73.933441
141, 78.164719, 37.388000, 732, 73.061676, 38.889774
142, 54.084072, 43.309135, 181, 56.383804, 39.206844
153, 34.253067, 55.396187, 9, 37.479469, 51.897118
159, 39.168510, 50.650459, 282, 43.691010, 50.595463
161, 31.098103, 60.862232, 604, 34.073566, 57.237209
164, 52.010029, 47.366573, 142, 54.084072, 43.309135
165, 60.243034, 45.548107, 545, 63.736126, 41.411606
169, 72.665329, 41.848892, 795, 70.213951, 37.348618
176, 52.140232, 63.959381, 906, 55.623417, 57.890957
180, 12.353681, 79.077980, 62, 17.488911, 81.810989
181, 56.383804, 39.206844, 692, 59.888813, 38.465176
188, 64.430099, 52.565552, 706, 62.332512, 47.816818
190, 21.232458, 83.588692, 14, 21.750818, 79.558769
192, 60.334690, 36.189827, 907, 63.617970, 35.868626
195, 28.001629, 59.214218, 604, 34.073566, 57.237209
198, 49.701866, 49.846237, 762, 51.656956, 46.745052
207, 33.610275, 75.766495, 891, 35.737511, 70.158058
214, 40.815651, 43.403294, 954, 46.018551, 46.163807
216, 18.067347, 75.620667, 501, 17.727139, 75.452126
218, 41.839741, 72.125061, 25, 37.537350, 66.709030
219, 57.462864, 34.107754, 1000, 61.840519, 33.837326
226, 63.154568, 51.580502, 706, 62.332512, 47.816818
235, 61.138905, 59.924637, 121, 60.886925, 54.553608
248, 44.239067, 53.654209, 282, 43.691010, 50.595463
253, 59.786961, 56.651627, 898, 62.368656, 51.861279
255, 42.249165, 57.599930, 282, 43.691010, 50.595463
257, 12.742516, 87.756546, 791, 13.824399, 85.904907
264, 17.579794, 84.687706, 62, 17.488911, 81.810989
282, 43.691010, 50.595463, 410, 47.476753, 46.856377
283, 59.568455, 35.215492, 907, 63.617970, 35.868626
292, 2.535375, 86.332413, 502, 7.037537, 88.465881
293, 15.004936, 78.546066, 501, 17.727139, 75.452126
301, 49.678329, 52.829529, 790, 51.714504, 47.394051
305, 20.023499, 75.891617, 738, 23.743134, 75.184044
318, 72.881874, 32.761803, 38, 70.323280, 34.357376
320, 56.833714, 58.079330, 994, 56.934845, 57.326183
348, 36.206470, 53.852703, 9, 37.479469, 51.897118
349, 66.528008, 29.627129, 38, 70.323280, 34.357376
351, 13.534083, 65.498680, 665, 19.207008, 68.609764
362, 69.993980, 31.535616, 38, 70.323280, 34.357376
379, 50.799461, 37.425610, 21, 55.211716, 35.795040
380, 44.140114, 54.239559, 282, 43.691010, 50.595463
382, 3.577345, 84.488472, 502, 7.037537, 88.465881
391, 73.380058, 34.263157, 38, 70.323280, 34.357376
395, 64.426224, 52.825905, 706, 62.332512, 47.816818
397, 20.007288, 76.957230, 738, 23.743134, 75.184044
401, 64.837379, 51.401840, 706, 62.332512, 47.816818
405, 24.595013, 79.597244, 30, 26.684525, 77.712845
408, 53.693783, 42.568043, 181, 56.383804, 39.206844
410, 47.476753, 46.856377, 524, 50.532963, 42.501984
422, 49.356098, 70.332726, 176, 52.140232, 63.959381
426, 48.026257, 55.901245, 458, 53.095551, 54.389248
432, 24.863398, 68.602570, 561, 27.602461, 63.673538
437, 19.240910, 87.029922, 62, 17.488911, 81.810989
440, 49.301846, 55.382179, 478, 53.535542, 51.040855
451, 57.701271, 29.597931, 1000, 61.840519, 33.837326
458, 53.095551, 54.389248, 899, 57.076035, 55.235649
473, 11.993162, 87.109726, 791, 13.824399, 85.904907
478, 53.535542, 51.040855, 755, 59.302700, 51.518364
493, 13.115178, 67.289444, 665, 19.207008, 68.609764
494, 22.683292, 82.705193, 405, 24.595013, 79.597244
495, 74.294266, 32.509735, 38, 70.323280, 34.357376
499, 35.671196, 71.628075, 25, 37.537350, 66.709030
501, 17.727139, 75.452126, 665, 19.207008, 68.609764
502, 7.037537, 88.465881, 473, 11.993162, 87.109726
503, 28.976339, 55.134377, 537, 31.524700, 53.526405
513, 7.117074, 82.682175, 473, 11.993162, 87.109726
514, 56.599037, 30.577370, 1000, 61.840519, 33.837326
516, 22.854137, 75.788223, 738, 23.743134, 75.184044
520, 21.013346, 65.146271, 619, 26.951244, 62.738316
521, 60.230083, 34.262718, 668, 64.925308, 33.562950
524, 50.532963, 42.501984, 119, 52.699757, 40.105293
537, 31.524700, 53.526405, 9, 37.479469, 51.897118
538, 67.844383, 34.958748, 38, 70.323280, 34.357376
540, 34.183434, 60.925648, 604, 34.073566, 57.237209
545, 63.736126, 41.411606, 969, 67.802612, 39.419167
548, 63.165543, 50.209167, 706, 62.332512, 47.816818
553, 22.270327, 81.939026, 405, 24.595013, 79.597244
560, 11.132227, 93.127785, 473, 11.993162, 87.109726
561, 27.602461, 63.673538, 161, 31.098103, 60.862232
565, 32.931011, 49.371101, 159, 39.168510, 50.650459
575, 12.816284, 79.332481, 501, 17.727139, 75.452126
579, 2.381593, 88.485970, 502, 7.037537, 88.465881
582, 65.210770, 35.794003, 538, 67.844383, 34.958748
592, 73.973923, 32.310875, 38, 70.323280, 34.357376
598, 31.211386, 47.737099, 9, 37.479469, 51.897118
602, 11.582366, 84.735809, 791, 13.824399, 85.904907
604, 34.073566, 57.237209, 9, 37.479469, 51.897118
613, 17.909969, 83.209114, 85, 21.020287, 78.969345
618, 47.525505, 38.139832, 119, 52.699757, 40.105293
619, 26.951244, 62.738316, 161, 31.098103, 60.862232
626, 5.883777, 90.399216, 473, 11.993162, 87.109726
627, 1.179370, 85.621262, 502, 7.037537, 88.465881
644, 13.852555, 91.071381, 791, 13.824399, 85.904907
649, 57.194092, 69.132118, 978, 54.420883, 63.042046
661, 1.947201, 87.180550, 502, 7.037537, 88.465881
665, 19.207008, 68.609764, 886, 24.810997, 65.980011
668, 64.925308, 33.562950, 958, 68.068703, 33.665462
676, 49.432991, 51.377991, 790, 51.714504, 47.394051
681, 48.415173, 65.221054, 176, 52.140232, 63.959381
685, 43.873112, 63.885727, 176, 52.140232, 63.959381
690, 42.982067, 68.014366, 681, 48.415173, 65.221054
692, 59.888813, 38.465176, 907, 63.617970, 35.868626
706, 62.332512, 47.816818, 545, 63.736126, 41.411606
708, 23.454433, 79.082893, 30, 26.684525, 77.712845
709, 55.087784, 37.964523, 692, 59.888813, 38.465176
710, 49.495087, 35.023964, 21, 55.211716, 35.795040
720, 29.845854, 78.661148, 794, 30.769947, 73.933441
731, 28.079283, 78.440735, 794, 30.769947, 73.933441
732, 73.061676, 38.889774, 38, 70.323280, 34.357376
734, 40.637432, 73.126648, 891, 35.737511, 70.158058
737, 48.694035, 37.100574, 119, 52.699757, 40.105293
738, 23.743134, 75.184044, 911, 25.844337, 68.883392
743, 22.326311, 59.307781, 195, 28.001629, 59.214218
750, 67.749535, 50.372482, 706, 62.332512, 47.816818
751, 32.492321, 69.855377, 25, 37.537350, 66.709030
755, 59.302700, 51.518364, 706, 62.332512, 47.816818
762, 51.656956, 46.745052, 142, 54.084072, 43.309135
782, 21.922092, 64.768204, 619, 26.951244, 62.738316
785, 38.470196, 44.384960, 159, 39.168510, 50.650459
788, 38.646149, 45.357506, 159, 39.168510, 50.650459
790, 51.714504, 47.394051, 142, 54.084072, 43.309135
791, 13.824399, 85.904907, 62, 17.488911, 81.810989
792, 39.696930, 63.344002, 255, 42.249165, 57.599930
794, 30.769947, 73.933441, 891, 35.737511, 70.158058
795, 70.213951, 37.348618, 38, 70.323280, 34.357376
796, 60.445686, 64.472740, 978, 54.420883, 63.042046
802, 50.755527, 58.563572, 906, 55.623417, 57.890957
804, 23.850531, 55.314941, 195, 28.001629, 59.214218
805, 69.854080, 33.691681, 38, 70.323280, 34.357376
811, 29.375881, 49.549755, 537, 31.524700, 53.526405
827, 36.783054, 74.744461, 891, 35.737511, 70.158058
840, 66.049576, 57.176647, 121, 60.886925, 54.553608
844, 33.300034, 60.506493, 348, 36.206470, 53.852703
850, 16.775837, 68.364876, 782, 21.922092, 64.768204
852, 43.136066, 59.039806, 380, 44.140114, 54.239559
854, 44.362949, 43.161385, 954, 46.018551, 46.163807
857, 63.417027, 29.861635, 958, 68.068703, 33.665462
871, 51.977463, 36.678852, 21, 55.211716, 35.795040
879, 43.595280, 66.006020, 681, 48.415173, 65.221054
886, 24.810997, 65.980011, 561, 27.602461, 63.673538
887, 43.693733, 43.650723, 954, 46.018551, 46.163807
891, 35.737511, 70.158058, 25, 37.537350, 66.709030
894, 12.525561, 75.380844, 501, 17.727139, 75.452126
898, 62.368656, 51.861279, 706, 62.332512, 47.816818
899, 57.076035, 55.235649, 755, 59.302700, 51.518364
904, 56.159622, 43.564808, 181, 56.383804, 39.206844
906, 55.623417, 57.890957, 899, 57.076035, 55.235649
907, 63.617970, 35.868626, 538, 67.844383, 34.958748
909, 21.240978, 84.311928, 14, 21.750818, 79.558769
911, 25.844337, 68.883392, 561, 27.602461, 63.673538
918, 50.270500, 56.310242, 458, 53.095551, 54.389248
920, 51.101261, 34.626385, 21, 55.211716, 35.795040
922, 60.038761, 33.461464, 668, 64.925308, 33.562950
923, 61.550041, 62.068951, 962, 60.069122, 55.659786
924, 38.421791, 44.980545, 159, 39.168510, 50.650459
926, 41.308880, 59.641102, 255, 42.249165, 57.599930
929, 73.479851, 34.402691, 38, 70.323280, 34.357376
954, 46.018551, 46.163807, 524, 50.532963, 42.501984
957, 18.397976, 66.844528, 782, 21.922092, 64.768204
958, 68.068703, 33.665462, 38, 70.323280, 34.357376
962, 60.069122, 55.659786, 898, 62.368656, 51.861279
964, 78.240196, 38.635502, 732, 73.061676, 38.889774
969, 67.802612, 39.419167, 38, 70.323280, 34.357376
978, 54.420883, 63.042046, 994, 56.934845, 57.326183
994, 56.934845, 57.326183, 755, 59.302700, 51.518364
995, 12.670765, 79.877884, 62, 17.488911, 81.810989
997, 50.169449, 70.737587, 176, 52.140232, 63.959381
1000, 61.840519, 33.837326, 668, 64.925308, 33.562950
