39, 5, 39.0145, 5.99989
39, 5, 38.0475, 4.69537
39.0145, 5.99989, 38.5937, 6.90704
38.5937, 6.90704, 37.8202, 7.54079
37.8202, 7.54079, 37.1239, 8.25858
37.1239, 8.25858, 36.3284, 8.86451
36.3284, 8.86451, 35.7027, 9.64456
35.7027, 9.64456, 34.7027, 9.64818
34.7027, 9.64818, 33.8444, 10.1613
33.8444, 10.1613, 33.0907, 10.8185
33.0907, 10.8185, 32.1316, 11.1015
32.1316, 11.1015, 31.4248, 10.394
31.4248, 10.394, 30.6805, 11.0618
30.6805, 11.0618, 29.8471, 11.6144
29.8471, 11.6144, 29.0283, 12.1886
29.0283, 12.1886, 28.2182, 12.7749
31.4248, 10.394, 30.8991, 9.54332
28.2182, 12.7749, 27.3061, 12.3649
28.2182, 12.7749, 27.8408, 13.7009
27.8408, 13.7009, 28.1148, 14.6626
28.1148, 14.6626, 27.2465, 15.1587
27.3061, 12.3649, 26.5403, 11.7218
26.5403, 11.7218, 25.7888, 11.0621
39, 5, 39.6426, 4.23384
39.6426, 4.23384, 39.3519, 3.27705
25.7888, 11.0621, 25.2167, 10.2419
25.2167, 10.2419, 24.2961, 9.8513
27.2465, 15.1587, 27.4019, 16.1465
27.4019, 16.1465, 27.8749, 17.0276
24.2961, 9.8513, 23.3798, 9.45087
23.3798, 9.45087, 23.1856, 8.46991
27.8749, 17.0276, 28.5841, 17.7326
23.3798, 9.45087, 22.5442, 10.0002
28.5841, 17.7326, 29.423, 18.277
29.423, 18.277, 30.1257, 18.9884
22.5442, 10.0002, 21.7198, 10.5662
23.1856, 8.46991, 22.8193, 7.53941
22.8193, 7.53941, 22.2617, 6.70932
34.7027, 9.64818, 34.5302, 8.66316
22.2617, 6.70932, 21.4609, 6.11032
30.1257, 18.9884, 30.9215, 19.594
21.4609, 6.11032, 20.4625, 6.167
20.4625, 6.167, 20.0249, 5.26783
27.8749, 17.0276, 27.1724, 17.7393
30.9215, 19.594, 31.4208, 20.4604
20.0249, 5.26783, 19.2252, 4.66753
31.4208, 20.4604, 32.3406, 20.8528
19.2252, 4.66753, 18.2423, 4.48351
18.2423, 4.48351, 18.1921, 3.48476
18.2423, 4.48351, 17.6076, 5.2563
17.6076, 5.2563, 16.6173, 5.11748
16.6173, 5.11748, 15.6601, 5.40708
15.6601, 5.40708, 14.9573, 6.11842
14.9573, 6.11842, 13.9892, 6.36925
32.3406, 20.8528, 33.1555, 20.2731
13.9892, 6.36925, 13.1233, 6.86947
13.1233, 6.86947, 12.4216, 7.58187
12.4216, 7.58187, 11.6392, 8.20463
33.1555, 20.2731, 33.878, 20.9644
11.6392, 8.20463, 10.8664, 8.83938
27.1724, 17.7393, 26.2807, 18.1921
33.878, 20.9644, 33.9464, 21.9621
10.8664, 8.83938, 9.88069, 8.67114
9.88069, 8.67114, 9.17224, 7.96538
9.17224, 7.96538, 8.45021, 8.65724
8.45021, 8.65724, 7.56499, 8.19206
7.56499, 8.19206, 6.56499, 8.19173
6.56499, 8.19173, 5.91365, 7.43295
26.2807, 18.1921, 25.9538, 19.1371
5.91365, 7.43295, 5.05394, 7.94373
5.05394, 7.94373, 4.49821, 7.11236
4.49821, 7.11236, 4.23184, 6.14849
33.9464, 21.9621, 33.4665, 22.8394
4.23184, 6.14849, 3.26449, 6.40197
3.26449, 6.40197, 2.33081, 6.04387
2.33081, 6.04387, 1.57665, 6.70056
1.57665, 6.70056, 1.04109, 7.54505
33.4665, 22.8394, 33.9256, 23.7278
1.04109, 7.54505, 0.0642105, 7.33124
0.0642105, 7.33124, -0.437231, 8.19643
-0.437231, 8.19643, -1.4318, 8.09239
2.33081, 6.04387, 2.28683, 5.04483
2.28683, 5.04483, 1.78297, 4.18105
1.78297, 4.18105, 1.46019, 3.23457
-1.4318, 8.09239, -2.06142, 8.86929
25.9538, 19.1371, 25.6765, 20.0979
1.46019, 3.23457, 0.541235, 2.84022
0.541235, 2.84022, 0.398132, 1.85051
0.398132, 1.85051, 0.0808188, 0.902187
0.0808188, 0.902187, -0.210333, -0.05449
5.91365, 7.43295, 5.80386, 7.10698
-0.210333, -0.05449, -0.356602, -1.04373
-0.356602, -1.04373, -1.28295, -1.42039
-1.28295, -1.42039, -1.94178, -2.17269
-1.94178, -2.17269, -2.62078, -2.90683
33.9256, 23.7278, 33.8419, 24.7243
21.7198, 10.5662, 20.7594, 10.8449
-2.62078, -2.90683, -2.69137, -3.90433
-2.69137, -3.90433, -3.65293, -4.17893
8.45021, 8.65724, 8.40926, 9.6564
33.8419, 24.7243, 33.6645, 25.7085
-3.65293, -4.17893, -4.48107, -4.73945
-2.06142, 8.86929, -3.05881, 8.94146
-4.48107, -4.73945, -5.44292, -5.01303
-5.44292, -5.01303, -6.39369, -5.32291
33.6645, 25.7085, 33.8822, 26.6845
-3.05881, 8.94146, -3.93295, 9.42714
-3.93295, 9.42714, -4.86753, 9.78288
10.8664, 8.83938, 11.5314, 9.58627
33.8822, 26.6845, 34.6036, 27.377
-6.39369, -5.32291, -6.22837, -6.30915
-0.356602, -1.04373, 0.0748485, -1.94587
-6.22837, -6.30915, -5.93515, -7.2652
-4.86753, 9.78288, -5.85571, 9.93617
-5.93515, -7.2652, -6.28977, -8.20021
-5.85571, 9.93617, -6.73772, 10.4074
-6.28977, -8.20021, -6.98859, -8.91551
-6.73772, 10.4074, -7.70831, 10.1667
-6.98859, -8.91551, -7.76882, -9.54099
34.6036, 27.377, 34.4776, 28.369
-6.73772, 10.4074, -6.91184, 11.3921
18.1921, 3.48476, 18.7529, 2.65685
34.5302, 8.66316, 33.9943, 7.81886
25.6765, 20.0979, 24.9124, 20.7431
-7.70831, 10.1667, -8.68897, 10.3624
-8.68897, 10.3624, -9.35354, 11.1096
-7.76882, -9.54099, -8.67991, -9.9532
-8.67991, -9.9532, -8.37274, -10.9049
11.5314, 9.58627, 11.9417, 10.4982
24.9124, 20.7431, 24.7681, 21.7326
-8.37274, -10.9049, -8.99433, -11.6882
-8.99433, -11.6882, -9.76847, -12.3212
24.7681, 21.7326, 23.868, 22.1682
34.4776, 28.369, 34.8965, 29.277
-9.76847, -12.3212, -9.67571, -13.3169
0.0748485, -1.94587, 0.745353, -2.68778
-9.67571, -13.3169, -9.2809, -14.2357
-9.2809, -14.2357, -10.0302, -14.8978
24.7681, 21.7326, 25.5479, 22.3587
-9.2809, -14.2357, -8.48874, -14.846
-10.0302, -14.8978, -10.5239, -15.7675
-8.48874, -14.846, -7.80824, -15.5787
5.05394, 7.94373, 4.75401, 8.89769
-7.80824, -15.5787, -7.06325, -16.2458
-10.5239, -15.7675, -11.5195, -15.8611
-7.06325, -16.2458, -6.41136, -17.0041
34.8965, 29.277, 34.8458, 30.2757
-11.5195, -15.8611, -12.0985, -16.6765
-8.68897, 10.3624, -9.22907, 9.52078
-12.0985, -16.6765, -12.0843, -17.6764
-12.0843, -17.6764, -12.9548, -18.1685
-6.41136, -17.0041, -5.76798, -17.7697
-12.9548, -18.1685, -13.9403, -17.9987
0.745353, -2.68778, 1.43152, -3.41522
23.868, 22.1682, 23.48, 23.0899
-13.9403, -17.9987, -14.763, -18.5671
-5.76798, -17.7697, -5.11885, -18.5303
8.40926, 9.6564, 7.6369, 10.2916
34.8965, 29.277, 35.891, 29.1717
-5.11885, -18.5303, -4.30295, -19.1085
-4.30295, -19.1085, -4.03607, -20.0723
-14.763, -18.5671, -15.727, -18.8329
-9.22907, 9.52078, -9.3656, 8.53014
-15.727, -18.8329, -15.6667, -19.8311
-15.6667, -19.8311, -16.416, -20.4934
-13.9403, -17.9987, -14.4607, -17.1448
34.8458, 30.2757, 34.609, 31.2472
-9.3656, 8.53014, -10.3561, 8.39239
-4.03607, -20.0723, -4.14026, -21.0668
5.80386, 7.10698, 5.4544, 6.17002
-10.3561, 8.39239, -11.3491, 8.51058
-16.416, -20.4934, -17.1216, -21.202
-17.1216, -21.202, -17.4749, -22.1375
-4.30295, -19.1085, -3.33193, -18.8695
14.9573, 6.11842, 15.199, 7.08877
-11.3491, 8.51058, -12.3473, 8.56941
-14.4607, -17.1448, -15.2349, -16.5117
39.6426, 4.23384, 40.6223, 4.43456
-12.3473, 8.56941, -13.3233, 8.78733
23.48, 23.0899, 22.8508, 23.8671
32.1316, 11.1015, 32.5634, 12.0034
-13.3233, 8.78733, -14.2333, 9.20195
-14.2333, 9.20195, -14.5808, 10.1396
-14.2333, 9.20195, -15.058, 8.63641
34.609, 31.2472, 35.1076, 32.114
-15.058, 8.63641, -16.0286, 8.8769
22.8508, 23.8671, 22.1266, 24.5567
-17.4749, -22.1375, -18.4625, -21.9804
22.1266, 24.5567, 21.1654, 24.8325
-15.6667, -19.8311, -14.9806, -20.5586
-16.0286, 8.8769, -17.0117, 9.06003
-17.4749, -22.1375, -16.764, -22.8408
-17.0117, 9.06003, -17.697, 9.7883
-18.4625, -21.9804, -19.2118, -22.6425
21.1654, 24.8325, 21.2468, 25.8292
21.2468, 25.8292, 20.7122, 26.6743
7.6369, 10.2916, 7.56996, 11.2893
-17.697, 9.7883, -18.5412, 9.25231
-19.2118, -22.6425, -20.1402, -22.2709
-15.2349, -16.5117, -16.0831, -15.9821
-16.764, -22.8408, -16.4025, -23.7732
-2.69137, -3.90433, -2.00914, -4.63547
-16.0831, -15.9821, -16.5787, -15.1136
-18.5412, 9.25231, -19.401, 9.76303
-19.401, 9.76303, -19.7855, 10.6861
-19.7855, 10.6861, -20.7841, 10.7401
-20.1402, -22.2709, -20.783, -23.0369
-20.7841, 10.7401, -21.3044, 11.594
-21.3044, 11.594, -21.5148, 12.5717
-21.5148, 12.5717, -21.8656, 13.5081
-21.8656, 13.5081, -22.3123, 14.4028
-20.783, -23.0369, -21.4435, -23.7877
23.868, 22.1682, 23.0811, 21.5512
-16.4025, -23.7732, -15.9126, -24.645
-21.4435, -23.7877, -22.4434, -23.7727
20.7122, 26.6743, 20.4467, 27.6384
-22.3123, 14.4028, -23.0722, 15.0528
-15.9126, -24.645, -16.1668, -25.6121
-16.1668, -25.6121, -16.1155, -26.6108
1.43152, -3.41522, 2.23757, -4.00706
-23.0722, 15.0528, -23.5121, 15.9509
-16.1155, -26.6108, -16.4335, -27.5589
35.1076, 32.114, 34.3756, 32.7953
-22.4434, -23.7727, -23.4291, -23.6046
-23.4291, -23.6046, -24.2101, -24.2292
-12.0843, -17.6764, -11.6632, -18.5834
-23.5121, 15.9509, -24.0086, 16.8189
-16.5787, -15.1136, -17.5129, -14.7568
20.4467, 27.6384, 19.4468, 27.649
-24.0086, 16.8189, -24.7368, 17.5043
-21.3044, 11.594, -22.1926, 11.1345
11.9417, 10.4982, 11.6315, 11.4489
34.3756, 32.7953, 33.4103, 33.0566
-16.4335, -27.5589, -16.8912, -28.448
-24.7368, 17.5043, -24.3574, 18.4296
-10.3561, 8.39239, -10.3061, 7.39364
33.4103, 33.0566, 32.9985, 33.9679
-24.3574, 18.4296, -24.5553, 19.4098
-24.7368, 17.5043, -25.6988, 17.2313
11.6315, 11.4489, 12.6197, 11.6022
19.4468, 27.649, 19.3489, 28.6442
11.6315, 11.4489, 11.444, 12.4311
30.8991, 9.54332, 30.0594, 9.00031
2.23757, -4.00706, 3.12186, -4.47401
-22.1926, 11.1345, -23.1164, 10.7516
-23.1164, 10.7516, -24.0679, 10.444
19.3489, 28.6442, 18.8771, 29.526
3.12186, -4.47401, 3.15035, -5.47361
32.9985, 33.9679, 32.1891, 34.555
-17.5129, -14.7568, -18.2237, -14.0534
-24.0679, 10.444, -25.0565, 10.2935
-16.8912, -28.448, -16.4285, -29.3346
-19.401, 9.76303, -19.7898, 8.8417
-24.5553, 19.4098, -24.5001, 20.4083
35.891, 29.1717, 36.888, 29.2494
-24.5001, 20.4083, -24.4009, 21.4034
32.1891, 34.555, 31.439, 35.2164
-24.4009, 21.4034, -25.0373, 22.1748
18.8771, 29.526, 18.2468, 30.3023
18.2468, 30.3023, 18.3462, 31.2973
18.3462, 31.2973, 18.6778, 32.2407
23.0811, 21.5512, 22.2003, 21.0776
-25.0373, 22.1748, -24.9494, 23.1709
-2.00914, -4.63547, -2.53089, -5.48857
18.6778, 32.2407, 17.9389, 32.9146
0.0642105, 7.33124, -0.649257, 6.63055
-25.6988, 17.2313, -26.6297, 17.5965
17.9389, 32.9146, 17.5759, 33.8464
-24.9494, 23.1709, -24.7605, 24.1529
-24.9494, 23.1709, -25.9391, 23.314
18.2468, 30.3023, 17.3088, 29.9556
-26.6297, 17.5965, -27.597, 17.3428
17.5759, 33.8464, 17.9116, 34.7884
31.439, 35.2164, 31.7813, 36.156
-24.7605, 24.1529, -23.8231, 24.5012
-10.5239, -15.7675, -9.9583, -16.5922
17.3088, 29.9556, 16.4621, 29.4234
-25.0565, 10.2935, -24.8359, 9.31814
29.8471, 11.6144, 29.4255, 11.205
22.2003, 21.0776, 21.2953, 20.6521
17.9116, 34.7884, 17.6059, 35.7405
11.444, 12.4311, 10.4709, 12.2013
21.7198, 10.5662, 22.0518, 10.6892
20.7122, 26.6743, 20.1178, 26.2828
16.4621, 29.4234, 15.5931, 28.9287
5.4544, 6.17002, 6.0063, 5.33611
21.2953, 20.6521, 20.3016, 20.5406
-6.98859, -8.91551, -7.75612, -8.2745
20.7594, 10.8449, 21.0427, 11.804
-23.8231, 24.5012, -23.9789, 25.489
-25.9391, 23.314, -26.8192, 23.7888
3.15035, -5.47361, 3.87956, -6.15789
31.7813, 36.156, 31.4517, 37.1001
0.0808188, 0.902187, 0.886353, 0.954301
3.87956, -6.15789, 4.85273, -6.38801
-24.7368, 17.5043, -25.1962, 17.3557
-26.8192, 23.7888, -27.7803, 24.0652
-4.48107, -4.73945, -4.62103, -4.88947
-24.8359, 9.31814, -25.5565, 8.6248
33.1555, 20.2731, 33.6745, 19.4183
20.4467, 27.6384, 21.2703, 28.2056
36.888, 29.2494, 37.5964, 28.5437
-4.14026, -21.0668, -4.24476, -22.0613
31.4517, 37.1001, 32.3959, 37.4296
-2.62078, -2.90683, -3.43433, -2.32533
37.5964, 28.5437, 38.5951, 28.5949
-16.4285, -29.3346, -16.7332, -30.287
4.85273, -6.38801, 5.16071, -7.3394
-23.9789, 25.489, -24.3861, 26.4024
-27.7803, 24.0652, -28.7643, 24.2433
-24.3861, 26.4024, -24.0879, 27.3568
-16.7332, -30.287, -16.7928, -31.2852
32.3959, 37.4296, 32.6539, 38.3957
5.16071, -7.3394, 5.94135, -7.96438
-24.0879, 27.3568, -24.7277, 28.1254
-24.7277, 28.1254, -24.8064, 29.1223
5.94135, -7.96438, 6.42238, -8.84109
-16.7928, -31.2852, -16.2489, -32.1244
6.42238, -8.84109, 7.36434, -9.17682
-24.8064, 29.1223, -25.3543, 29.9588
-22.4434, -23.7727, -22.2897, -24.7608
-16.2489, -32.1244, -16.6811, -33.0262
7.36434, -9.17682, 7.94157, -9.9934
29.8471, 11.6144, 29.9708, 11.7929
20.3016, 20.5406, 19.9967, 19.5882
-28.7643, 24.2433, -29.6634, 24.681
15.5931, 28.9287, 14.6184, 28.7051
-27.597, 17.3428, -28.4262, 16.7838
19.9967, 19.5882, 19.0764, 19.9794
17.6059, 35.7405, 16.7804, 36.3049
32.6539, 38.3957, 33.199, 39.2341
-15.9126, -24.645, -14.9906, -24.2577
-22.2897, -24.7608, -22.0897, -25.7406
32.5634, 12.0034, 33.4805, 12.4022
-16.2489, -32.1244, -15.2595, -32.2698
33.9464, 21.9621, 34.7142, 22.6027
-2.53089, -5.48857, -1.91904, -6.27954
-25.5565, 8.6248, -26.4562, 8.18827
-23.4291, -23.6046, -23.8798, -22.7119
-25.3543, 29.9588, -25.3912, 30.9581
7.94157, -9.9934, 8.60184, -10.7444
-29.6634, 24.681, -30.663, 24.6527
33.199, 39.2341, 32.3216, 39.7139
-24.0879, 27.3568, -23.1349, 27.66
14.6184, 28.7051, 14.4684, 27.7164
-26.8192, 23.7888, -27.262, 22.8922
-25.3912, 30.9581, -26.2821, 31.4125
-16.6811, -33.0262, -17.2075, -33.8764
16.7804, 36.3049, 17.2048, 37.2104
-23.1349, 27.66, -22.179, 27.9537
-26.2821, 31.4125, -27.1159, 31.9645
-26.4562, 8.18827, -27.339, 7.71848
-22.179, 27.9537, -21.522, 28.7076
-27.1159, 31.9645, -27.6503, 32.8097
8.60184, -10.7444, 9.11318, -11.6038
9.11318, -11.6038, 9.52339, -12.5158
-4.24476, -22.0613, -4.56779, -23.0077
-28.4262, 16.7838, -29.3831, 16.4936
32.1316, 11.1015, 32.4919, 11.1573
-21.522, 28.7076, -20.8203, 29.42
24.9124, 20.7431, 23.9331, 20.5406
-27.6503, 32.8097, -28.6495, 32.8497
9.52339, -12.5158, 10.0895, -13.3401
-29.3831, 16.4936, -30.3829, 16.4702
3.12186, -4.47401, 3.6408, -3.61921
-25.3912, 30.9581, -24.6709, 31.6517
-30.3829, 16.4702, -31.3736, 16.6063
10.0895, -13.3401, 10.8288, -14.0135
37.5964, 28.5437, 37.4564, 29.0921
14.4684, 27.7164, 13.5129, 27.4214
40.6223, 4.43456, 41.1615, 5.27673
-17.2075, -33.8764, -18.1512, -34.2071
-27.339, 7.71848, -28.2421, 7.28915
-5.76798, -17.7697, -5.08966, -17.0349
-28.2421, 7.28915, -29.196, 6.98885
-5.08966, -17.0349, -5.05849, -16.9572
-20.8203, 29.42, -20.0137, 30.0111
-20.0137, 30.0111, -19.0732, 30.3508
21.2703, 28.2056, 22.1859, 28.5384
-18.1512, -34.2071, -18.8413, -34.9309
-15.2595, -32.2698, -14.5001, -32.9204
-19.0732, 30.3508, -18.2301, 30.8886
-30.663, 24.6527, -31.6395, 24.8682
-18.8413, -34.9309, -19.7271, -35.3948
-19.7271, -35.3948, -20.0281, -36.3484
-14.5001, -32.9204, -13.5048, -33.0172
-29.196, 6.98885, -30.1921, 7.07744
10.8288, -14.0135, 11.233, -14.9282
-10.3061, 7.39364, -10.2277, 6.39671
11.233, -14.9282, 12.1554, -15.3144
-31.6395, 24.8682, -32.5544, 25.2718
-10.2277, 6.39671, -9.32258, 5.97161
-20.0281, -36.3484, -20.1023, -37.3456
10.0895, -13.3401, 10.7923, -12.6287
-25.0565, 10.2935, -26.0525, 10.3822
12.1554, -15.3144, 12.9831, -15.8756
26.5403, 11.7218, 27.3638, 11.1544
-22.0897, -25.7406, -22.3952, -26.6928
-18.2301, 30.8886, -17.7779, 31.7805
7.94157, -9.9934, 7.37333, -10.8163
-28.6495, 32.8497, -29.2466, 33.6519
30.0594, 9.00031, 29.438, 9.78386
12.9831, -15.8756, 13.9817, -15.8236
-31.3736, 16.6063, -32.3632, 16.4625
-20.1023, -37.3456, -20.9882, -37.8096
34.8458, 30.2757, 35.1466, 30.6219
13.9817, -15.8236, 14.7589, -16.4528
31.4517, 37.1001, 30.6958, 37.7548
-26.0525, 10.3822, -26.7419, 9.70854
-30.1921, 7.07744, -31.1788, 6.91492
-9.32258, 5.97161, -8.38736, 5.61753
14.7589, -16.4528, 15.4056, -17.2156
-29.3831, 16.4936, -29.4565, 15.4963
-13.5048, -33.0172, -12.5235, -33.2095
-4.56779, -23.0077, -4.29603, -23.9701
-12.5235, -33.2095, -11.8004, -33.9003
-24.6709, 31.6517, -24.2391, 32.5537
-31.1788, 6.91492, -31.6956, 6.05881
-3.93295, 9.42714, -4.38887, 8.53712
-31.6956, 6.05881, -32.4058, 5.35489
-17.7779, 31.7805, -16.8519, 32.158
13.5129, 27.4214, 12.588, 27.8015
-32.3632, 16.4625, -33.0343, 16.5615
-24.2101, -24.2292, -23.8216, -25.1507
15.4056, -17.2156, 16.3861, -17.4122
-16.8519, 32.158, -16.3765, 33.0378
21.0427, 11.804, 21.6847, 12.5706
16.3861, -17.4122, 17.2489, -17.9178
-20.1023, -37.3456, -19.5266, -38.1633
-1.91904, -6.27954, -1.37187, -7.11656
22.1859, 28.5384, 23.12, 28.8954
-29.2466, 33.6519, -30.0569, 34.2379
-24.6709, 31.6517, -24.6355, 31.9989
17.2048, 37.2104, 16.3243, 37.6845
-13.5048, -33.0172, -13.4906, -33.8815
17.2489, -17.9178, 17.8758, -18.6969
-16.3765, 33.0378, -16.8256, 33.9313
-32.4058, 5.35489, -32.5746, 4.36924
-9.32258, 5.97161, -9.14542, 5.82112
17.8758, -18.6969, 17.8703, -19.6968
-4.29603, -23.9701, -4.36891, -24.9674
35.1466, 30.6219, 35.7279, 30.3349
7.37333, -10.8163, 6.93347, -11.7143
32.3216, 39.7139, 31.6035, 40.4099
-22.3952, -26.6928, -21.9515, -27.589
-4.36891, -24.9674, -5.33936, -25.2087
17.8703, -19.6968, 18.5893, -20.3919
38.5951, 28.5949, 39.2951, 27.8807
-13.4906, -33.8815, -13.3875, -34.8762
15.4056, -17.2156, 14.8195, -18.0259
25.7888, 11.0621, 26.2316, 10.5436
18.5893, -20.3919, 18.8774, -21.3495
-23.8798, -22.7119, -24.2586, -21.7864
-22.179, 27.9537, -22.1942, 27.8458
-30.0569, 34.2379, -30.9283, 34.7285
-30.9283, 34.7285, -30.7906, 35.7189
-32.5746, 4.36924, -33.3679, 3.76037
-17.7779, 31.7805, -18.3, 31.9026
18.8774, -21.3495, 19.2447, -22.2796
-29.2466, 33.6519, -28.5206, 34.3397
19.2447, -22.2796, 20.146, -22.7126
-33.3679, 3.76037, -34.3412, 3.53058
-16.8256, 33.9313, -16.7222, 34.926
-27.597, 17.3428, -27.7115, 18.3362
-34.3412, 3.53058, -35.33, 3.67937
1.78297, 4.18105, 2.71409, 3.81633
11.233, -14.9282, 11.4291, -15.6306
0.0642105, 7.33124, 0.189769, 7.31599
-5.05849, -16.9572, -4.66886, -16.0362
10.7923, -12.6287, 11.7818, -12.7732
12.588, 27.8015, 11.6013, 27.9644
20.146, -22.7126, 21.1392, -22.8292
-33.0343, 16.5615, -34.029, 16.6644
21.1392, -22.8292, 22.1064, -23.0832
-32.5544, 25.2718, -32.179, 26.1986
-19.5266, -38.1633, -19.0244, -39.028
22.1064, -23.0832, 22.7824, -23.8202
-35.33, 3.67937, -36.1232, 4.28829
-30.7906, 35.7189, -30.2523, 36.5617
16.3243, 37.6845, 15.5603, 38.3297
-30.2523, 36.5617, -30.9219, 37.3044
-35.33, 3.67937, -35.9484, 2.89347
11.6013, 27.9644, 10.6151, 28.1295
-16.3765, 33.0378, -15.5948, 32.4142
15.5603, 38.3297, 15.5334, 39.3294
22.7824, -23.8202, 23.7812, -23.7722
-33.3679, 3.76037, -32.6734, 3.04086
-19.0244, -39.028, -18.1495, -39.5123
-25.0373, 22.1748, -25.5058, 21.4726
-15.5948, 32.4142, -14.8996, 31.6953
6.93347, -11.7143, 6.34789, -12.5249
22.7824, -23.8202, 22.3903, -24.7401
-34.029, 16.6644, -34.9483, 16.2708
23.7812, -23.7722, 24.6937, -24.1812
-34.9483, 16.2708, -35.9472, 16.3173
-30.9219, 37.3044, -31.84, 37.7008
41.1615, 5.27673, 40.6614, 5.12739
24.6937, -24.1812, 25.1103, -23.2721
-4.14026, -21.0668, -5.14022, -21.0582
-25.0565, 10.2935, -24.9837, 11.2909
31.6035, 40.4099, 30.7621, 40.9503
30.7621, 40.9503, 30.4615, 41.9041
33.4665, 22.8394, 32.7155, 22.887
34.609, 31.2472, 33.6159, 31.1291
25.1103, -23.2721, 26.1102, -23.2886
-14.5808, 10.1396, -13.5876, 10.0236
11.7818, -12.7732, 12.6846, -12.3433
-31.84, 37.7008, -31.4932, 38.6387
-0.649257, 6.63055, -0.729656, 5.63379
-13.5048, -33.0172, -13.3262, -32.8553
15.5334, 39.3294, 14.5334, 39.3253
17.2489, -17.9178, 17.9188, -17.1753
-35.9484, 2.89347, -36.6092, 2.14291
19.0764, 19.9794, 18.0808, 20.0738
-36.6092, 2.14291, -37.2732, 1.39517
-4.66886, -16.0362, -3.6993, -15.7913
24.6937, -24.1812, 25.2366, -25.0211
30.8991, 9.54332, 31.1521, 9.96768
20.0249, 5.26783, 20.5474, 5.30371
17.2048, 37.2104, 18.184, 37.4129
23.9331, 20.5406, 24.1547, 20.0552
-37.2732, 1.39517, -37.2848, 0.395242
26.1102, -23.2886, 26.8517, -22.6177
-14.8996, 31.6953, -13.9511, 32.0119
22.3903, -24.7401, 22.1994, -25.7217
-37.2848, 0.395242, -36.3468, 0.741882
25.2366, -25.0211, 26.0215, -25.6407
-31.84, 37.7008, -32.8271, 37.8608
26.8517, -22.6177, 26.7393, -21.624
33.8419, 24.7243, 33.3222, 24.7684
26.7393, -21.624, 27.1387, -20.7072
27.1387, -20.7072, 27.6207, -19.831
-32.6734, 3.04086, -31.696, 2.82953
26.0215, -25.6407, 26.1816, -26.6277
27.6207, -19.831, 28.6016, -20.0258
-0.729656, 5.63379, -1.70709, 5.84505
26.1816, -26.6277, 26.2129, -27.6273
22.8508, 23.8671, 23.686, 24.417
28.6016, -20.0258, 29.2251, -19.2441
-37.2732, 1.39517, -38.1495, 1.87695
-38.1495, 1.87695, -38.8827, 2.55697
-22.1926, 11.1345, -22.7452, 11.9679
-8.38736, 5.61753, -7.7168, 4.87568
26.2129, -27.6273, 26.8063, -28.4322
-14.9906, -24.2577, -13.9908, -24.2777
-24.2391, 32.5537, -24.1729, 32.8943
26.8063, -28.4322, 26.9119, -29.4266
-36.1232, 4.28829, -36.7461, 5.07066
26.9119, -29.4266, 27.6807, -30.0661
-25.6988, 17.2313, -26.0106, 16.2812
5.16071, -7.3394, 4.29094, -7.83285
18.6778, 32.2407, 19.2287, 32.8709
14.5334, 39.3253, 13.6412, 39.7769
27.6807, -30.0661, 27.9658, -31.0246
-4.36891, -24.9674, -3.78977, -25.7827
-32.8271, 37.8608, -33.7161, 38.3186
29.2251, -19.2441, 30.1574, -19.6057
29.423, 18.277, 29.3723, 18.223
-16.1155, -26.6108, -15.1417, -26.8382
13.6412, 39.7769, 13.8003, 40.7642
-17.697, 9.7883, -17.7489, 10.787
13.8003, 40.7642, 14.4963, 41.4823
30.1574, -19.6057, 31.1527, -19.5087
-27.262, 22.8922, -27.755, 22.0222
6.42238, -8.84109, 6.86727, -8.49437
-20.9882, -37.8096, -21.8345, -37.2768
-21.9515, -27.589, -21.9252, -28.5886
-35.9472, 16.3173, -36.4813, 15.4719
4.23184, 6.14849, 4.72333, 6.52911
-36.4813, 15.4719, -37.4811, 15.4915
-37.2848, 0.395242, -37.22, -0.60266
12.6197, 11.6022, 13.4309, 11.0175
13.6412, 39.7769, 12.7213, 39.3849
18.5893, -20.3919, 19.4865, -19.9504
-4.66886, -16.0362, -5.11191, -15.1397
-33.7161, 38.3186, -34.1976, 39.1951
-5.33936, -25.2087, -5.928, -26.0171
31.1527, -19.5087, 32.0809, -19.8807
-34.1976, 39.1951, -35.1652, 38.9424
-13.9511, 32.0119, -13.1003, 31.4863
-37.22, -0.60266, -36.395, -1.1677
-24.2101, -24.2292, -23.9479, -23.7944
-31.696, 2.82953, -30.8429, 2.3078
-23.0722, 15.0528, -23.785, 14.3515
-32.5544, 25.2718, -33.5227, 25.5215
-16.7222, 34.926, -17.0988, 35.8523
27.9658, -31.0246, 27.3328, -31.7988
-34.1976, 39.1951, -34.4879, 40.152
-18.1495, -39.5123, -17.1511, -39.5694
-37.4811, 15.4915, -37.99, 16.3523
27.3328, -31.7988, 26.5569, -32.4295
-24.2586, -21.7864, -24.6667, -20.8735
25.5479, 22.3587, 26.4541, 22.7814
-15.1417, -26.8382, -14.1467, -26.9387
-2.06142, 8.86929, -2.20253, 8.81885
10.6151, 28.1295, 10.3288, 27.1713
14.4963, 41.4823, 14.9923, 42.3506
18.0808, 20.0738, 17.3289, 19.4145
29.9708, 11.7929, 30.1018, 12.7843
32.0809, -19.8807, 32.8697, -20.4954
12.6846, -12.3433, 13.199, -11.4857
-17.0988, 35.8523, -17.0235, 36.8495
-30.8429, 2.3078, -29.846, 2.22878
-35.1652, 38.9424, -36.1173, 38.6368
32.8697, -20.4954, 33.862, -20.372
-27.339, 7.71848, -26.9714, 6.78851
-12.3473, 8.56941, -12.6005, 8.65412
-36.395, -1.1677, -36.6664, -2.13015
-17.0235, 36.8495, -17.6009, 37.666
29.2251, -19.2441, 29.542, -18.2956
30.4615, 41.9041, 29.4718, 42.0472
4.72333, 6.52911, 4.43806, 6.62747
-37.99, 16.3523, -38.6745, 17.0813
-38.8827, 2.55697, -39.8091, 2.18053
26.5569, -32.4295, 27.2019, -33.1937
27.9658, -31.0246, 28.8492, -30.5559
-39.8091, 2.18053, -40.545, 1.50343
13.4309, 11.0175, 14.4189, 10.8631
-24.3574, 18.4296, -24.8956, 18.6406
14.8195, -18.0259, 13.9248, -18.4724
-17.6009, 37.666, -17.7733, 38.651
-36.1173, 38.6368, -37.1093, 38.5103
33.862, -20.372, 34.8029, -20.0333
20.7122, 26.6743, 21.676, 26.9408
14.9923, 42.3506, 15.842, 42.8779
-36.6664, -2.13015, -35.7676, -2.56842
27.2019, -33.1937, 26.6529, -34.0295
34.8029, -20.0333, 35.3029, -19.1673
26.6529, -34.0295, 26.2713, -34.9539
-21.8345, -37.2768, -22.751, -36.8769
-34.3412, 3.53058, -34.1497, 2.54907
-35.7676, -2.56842, -35.6444, -3.56081
26.1816, -26.6277, 27.0781, -26.3598
35.3029, -19.1673, 36.2941, -19.3
-17.1216, -21.202, -17.7624, -20.4343
10.3288, 27.1713, 10.6908, 26.2392
-14.763, -18.5671, -14.7784, -19.1754
22.1994, -25.7217, 21.4281, -26.3582
26.2713, -34.9539, 26.6247, -35.8893
-17.7733, 38.651, -17.1956, 39.4673
1.04109, 7.54505, 1.99119, 7.85698
14.9923, 42.3506, 14.3533, 43.1198
26.6247, -35.8893, 26.5161, -36.8834
26.5161, -36.8834, 27.5095, -36.998
27.5095, -36.998, 28.4514, -37.3339
24.1547, 20.0552, 23.2344, 19.664
-19.7898, 8.8417, -20.3818, 8.03578
13.6412, 39.7769, 13.6022, 39.6887
-17.1511, -39.5694, -16.2696, -40.0416
10.4709, 12.2013, 10.0147, 13.0912
0.398132, 1.85051, -0.560866, 2.13392
21.4281, -26.3582, 20.624, -26.9527
-22.751, -36.8769, -23.7371, -36.7105
20.624, -26.9527, 19.6303, -27.0648
-35.6444, -3.56081, -35.4829, -3.70593
-35.4829, -3.70593, -36.0928, -4.49845
-24.2586, -21.7864, -23.5044, -21.8414
27.3638, 11.1544, 27.8466, 11.695
18.1921, 3.48476, 18.4813, 3.27177
14.3533, 43.1198, 14.3748, 44.1196
-13.3875, -34.8762, -13.913, -35.727
-24.5001, 20.4083, -24.9162, 20.1194
-35.4829, -3.70593, -34.513, -3.94924
29.542, -18.2956, 29.3276, -17.3188
-23.5044, -21.8414, -22.936, -21.0186
-23.7371, -36.7105, -24.678, -36.3717
26.5569, -32.4295, 25.8984, -31.6769
28.4514, -37.3339, 29.0733, -38.1171
11.233, -14.9282, 10.8221, -14.5748
13.4309, 11.0175, 13.049, 10.5237
-19.7898, 8.8417, -19.9812, 8.6431
-5.928, -26.0171, -6.78743, -26.5284
7.37333, -10.8163, 6.42231, -10.5071
-24.678, -36.3717, -25.651, -36.6024
-16.2696, -40.0416, -15.5631, -40.7492
-20.1402, -22.2709, -20.4258, -21.3125
-38.6745, 17.0813, -39.4767, 17.6784
26.2316, 10.5436, 26.5939, 9.61154
-34.513, -3.94924, -33.9997, -4.80748
-15.2349, -16.5117, -15.519, -16.169
-36.0928, -4.49845, -36.8307, -5.17335
-3.78977, -25.7827, -3.71422, -26.7798
36.2941, -19.3, 36.8761, -20.1132
-28.7643, 24.2433, -28.7639, 24.7599
12.7213, 39.3849, 11.8128, 39.8028
11.444, 12.4311, 11.9198, 13.3107
-15.5631, -40.7492, -14.5979, -41.0107
-25.651, -36.6024, -26.6476, -36.5201
36.8761, -20.1132, 35.9063, -20.3572
-27.6503, 32.8097, -26.8973, 33.4678
35.9063, -20.3572, 36.0489, -21.347
-5.85571, 9.93617, -6.14417, 8.97868
7.94157, -9.9934, 7.46112, -9.77882
-26.6476, -36.5201, -27.6475, -36.5311
11.8128, 39.8028, 11.0095, 40.3984
-36.8307, -5.17335, -37.2754, -6.06903
-24.6667, -20.8735, -24.9535, -19.9155
-13.1003, 31.4863, -12.7108, 31.754
11.0095, 40.3984, 10.1665, 40.9363
-30.8429, 2.3078, -30.9498, 1.31353
14.3533, 43.1198, 13.3937, 43.4012
-37.2754, -6.06903, -37.7435, -6.9527
10.1665, 40.9363, 9.33785, 40.3765
18.184, 37.4129, 17.8339, 37.7021
-40.545, 1.50343, -41.3971, 0.979996
10.7923, -12.6287, 10.9855, -11.6476
26.5161, -36.8834, 26.1252, -37.8038
28.8492, -30.5559, 29.8362, -30.7165
-39.4767, 17.6784, -40.1261, 16.918
19.0764, 19.9794, 18.8911, 20.9621
-37.7435, -6.9527, -38.2325, -7.82498
-27.6475, -36.5311, -28.5833, -36.1786
3.12186, -4.47401, 2.5548, -4.93903
29.0733, -38.1171, 29.7751, -38.8294
17.9116, 34.7884, 17.7983, 34.7617
-37.22, -0.60266, -37.9712, -1.26277
34.4776, 28.369, 33.8408, 29.14
29.3276, -17.3188, 28.9954, -16.3756
-8.37274, -10.9049, -7.37435, -10.9615
-12.7108, 31.754, -11.8342, 32.2352
28.9954, -16.3756, 29.4256, -15.4729
-41.3971, 0.979996, -41.9465, 1.8155
-18.2237, -14.0534, -19.0802, -14.5697
29.7751, -38.8294, 30.7735, -38.7733
-39.8091, 2.18053, -40.3099, 3.0461
36.8761, -20.1132, 37.819, -19.7802
29.0733, -38.1171, 28.4631, -38.9094
-34.029, 16.6644, -34.2112, 17.6476
26.1252, -37.8038, 25.1519, -37.5742
12.7213, 39.3849, 12.3199, 38.469
-37.1093, 38.5103, -38.0366, 38.1361
-38.2325, -7.82498, -39.0677, -8.375
31.439, 35.2164, 30.5, 34.8726
2.23757, -4.00706, 1.65312, -4.22317
-21.9252, -28.5886, -21.386, -28.6451
22.1994, -25.7217, 22.8902, -25.627
13.199, -11.4857, 13.9034, -10.7759
33.9256, 23.7278, 34.3142, 24.0306
11.9198, 13.3107, 11.7944, 14.3028
1.99119, 7.85698, 2.56533, 8.67574
-40.1261, 16.918, -41.1184, 16.7942
15.842, 42.8779, 16.7261, 43.3451
-11.8342, 32.2352, -10.9426, 31.7823
10.6908, 26.2392, 10.7562, 25.2413
10.7562, 25.2413, 11.0514, 24.2859
19.2447, -22.2796, 18.4013, -22.817
10.6151, 28.1295, 10.499, 29.1227
-38.2325, -7.82498, -37.4965, -8.50194
27.6807, -30.0661, 28.3332, -29.3084
-32.3632, 16.4625, -32.3304, 15.4631
-41.3971, 0.979996, -42.1512, 0.323284
25.1519, -37.5742, 24.663, -38.4466
17.5759, 33.8464, 16.5764, 33.877
4.29094, -7.83285, 3.29164, -7.87028
-26.2821, 31.4125, -26.9815, 30.6978
10.3288, 27.1713, 9.39251, 26.8201
16.5764, 33.877, 15.6557, 33.4869
-30.9283, 34.7285, -30.791, 34.2237
-38.1495, 1.87695, -37.8534, 1.72736
10.8221, -14.5748, 11.2321, -14.3359
12.588, 27.8015, 12.4738, 28.2155
35.3029, -19.1673, 35.3139, -18.1673
-30.9498, 1.31353, -30.5472, 0.398187
-1.37187, -7.11656, -1.11268, -8.08239
-14.5979, -41.0107, -14.8333, -41.9826
17.6076, 5.2563, 17.7357, 6.24806
37.819, -19.7802, 38.4946, -19.043
-16.2696, -40.0416, -16.0763, -39.0604
-32.3304, 15.4631, -32.0911, 14.4921
-29.846, 2.22878, -28.9312, 1.8249
-39.0677, -8.375, -39.0778, -9.37495
14.6184, 28.7051, 14.4847, 29.0824
-33.5227, 25.5215, -34.2525, 26.2052
36.0489, -21.347, 36.655, -22.1423
-40.3099, 3.0461, -40.853, 3.88577
15.5931, 28.9287, 16.2617, 28.4233
23.12, 28.8954, 22.7248, 29.3162
30.7735, -38.7733, 31.7622, -38.9231
26.5939, 9.61154, 26.3638, 8.63838
-28.7639, 24.7599, -28.5663, 25.7402
24.663, -38.4466, 23.6653, -38.3789
-19.7271, -35.3948, -20.0846, -34.4609
11.9198, 13.3107, 12.9152, 13.4069
-32.179, 26.1986, -32.4138, 27.1706
36.655, -22.1423, 36.5578, -23.1376
-28.9312, 1.8249, -27.949, 1.63702
0.0748485, -1.94587, 0.28062, -1.4818
-11.5195, -15.8611, -12.2985, -15.2341
13.9034, -10.7759, 14.8801, -10.5616
30.5, 34.8726, 29.5001, 34.8599
-27.755, 22.0222, -26.9678, 21.4055
-37.4811, 15.4915, -37.969, 14.6186
39.6426, 4.23384, 39.8213, 4.10304
9.11318, -11.6038, 9.87373, -11.0482
23.6653, -38.3789, 23.3365, -39.3234
21.1654, 24.8325, 20.3569, 24.244
23.3365, -39.3234, 23.8596, -40.1756
-26.6476, -36.5201, -26.4145, -35.5476
23.3365, -39.3234, 22.3989, -39.671
38.4946, -19.043, 39.4279, -18.6837
-39.0778, -9.37495, -39.6278, -10.2101
29.5001, 34.8599, 28.6285, 35.3503
-24.7277, 28.1254, -25.5712, 27.5883
37.819, -19.7802, 38.0626, -19.86
9.52339, -12.5158, 8.53427, -12.6629
-37.969, 14.6186, -38.7199, 13.9581
22.3989, -39.671, 21.4074, -39.5411
-41.1184, 16.7942, -40.7862, 17.5545
29.7751, -38.8294, 29.7558, -39.8292
-41.1184, 16.7942, -42.0394, 17.1839
-34.2112, 17.6476, -34.831, 18.4324
9.87373, -11.0482, 10.1744, -10.0944
39.4279, -18.6837, 40.4272, -18.6476
-34.2525, 26.2052, -35.2244, 26.4406
29.7558, -39.8292, 30.0192, -40.7939
-39.6278, -10.2101, -40.1889, -11.0379
21.4074, -39.5411, 20.8901, -38.6853
31.7622, -38.9231, 32.7614, -38.9633
22.7248, 29.3162, 21.9878, 29.992
30.0192, -40.7939, 29.1166, -41.2245
-30.5472, 0.398187, -29.9905, -0.432588
-42.1512, 0.323284, -41.5872, -0.502485
-35.2244, 26.4406, -36.1038, 26.9167
18.3462, 31.2973, 17.3462, 31.2938
-38.7199, 13.9581, -39.4727, 13.2999
28.9954, -16.3756, 28.0444, -16.6847
37.8202, 7.54079, 37.4886, 7.00909
-3.6993, -15.7913, -2.69974, -15.821
19.6303, -27.0648, 19.2429, -26.1428
12.3199, 38.469, 13.1075, 37.8529
19.6303, -27.0648, 18.9189, -27.7675
31.6035, 40.4099, 30.9963, 39.7175
-33.9997, -4.80748, -33.6232, -5.73388
26.8517, -22.6177, 27.7885, -22.268
23.8596, -40.1756, 23.5953, -41.1401
11.0514, 24.2859, 10.2242, 23.7239
10.6151, 28.1295, 9.88114, 28.1045
29.1166, -41.2245, 29.4655, -42.1616
-29.9905, -0.432588, -29.4172, -1.25188
-9.9583, -16.5922, -9.74169, -16.307
17.6059, 35.7405, 18.0982, 35.5966
19.9967, 19.5882, 19.7108, 18.719
17.3289, 19.4145, 16.7683, 20.2426
21.9878, 29.992, 21.2761, 29.6942
-6.14417, 8.97868, -6.16592, 7.97892
-42.0394, 17.1839, -42.8699, 17.741
-38.2325, -7.82498, -38.8467, -7.601
-6.98859, -8.91551, -6.35861, -9.69212
-7.7168, 4.87568, -7.15082, 4.05126
-20.8203, 29.42, -21.1762, 30.3546
30.9963, 39.7175, 31.4617, 39.2145
-10.9426, 31.7823, -9.96566, 31.9956
19.0764, 19.9794, 19.2432, 20.0506
20.8901, -38.6853, 19.9396, -38.9962
40.4272, -18.6476, 41.4213, -18.5392
-39.6278, -10.2101, -38.886, -10.8806
33.4805, 12.4022, 34.4279, 12.7222
19.9396, -38.9962, 19.1106, -39.5554
-36.1038, 26.9167, -36.6945, 27.7236
-40.853, 3.88577, -41.7536, 4.32033
-31.4932, 38.6387, -30.8858, 39.4331
-19.9812, 8.6431, -19.3878, 8.2593
19.1106, -39.5554, 18.284, -40.1182
12.9152, 13.4069, 13.3466, 12.7107
41.4213, -18.5392, 41.9546, -19.3851
-6.78743, -26.5284, -7.66018, -27.0166
0.28062, -1.4818, 1.27529, -1.37865
41.4213, -18.5392, 42.0112, -17.7317
-30.8858, 39.4331, -30.8192, 40.4309
17.3289, 19.4145, 17.5427, 18.4376
-9.96566, 31.9956, -9.68758, 32.9562
-22.936, -21.0186, -22.101, -20.4684
-38.0366, 38.1361, -38.8539, 37.5599
26.2713, -34.9539, 25.2812, -35.0944
-36.7461, 5.07066, -36.7867, 6.06984
22.7824, -23.8202, 22.7869, -24.2022
-38.8539, 37.5599, -39.8243, 37.3182
10.2242, 23.7239, 10.6397, 22.8143
-41.7536, 4.32033, -42.0971, 5.25949
29.4256, -15.4729, 29.3286, -14.4776
17.9188, -17.1753, 18.7062, -16.559
-21.9252, -28.5886, -22.5755, -29.3483
10.499, 29.1227, 9.97294, 29.9732
-30.1921, 7.07744, -29.9595, 8.05002
35.1076, 32.114, 34.7594, 31.7841
-15.2349, -16.5117, -15.0841, -16.2969
-42.0971, 5.25949, -42.8511, 5.91636
-42.8699, 17.741, -43.4439, 18.5598
19.2429, -26.1428, 18.3099, -25.7832
32.7614, -38.9633, 33.6439, -39.4336
-37.4965, -8.50194, -36.6511, -9.03616
6.42231, -10.5071, 5.44926, -10.2765
-12.3473, 8.56941, -12.2426, 8.51935
-32.4138, 27.1706, -32.7689, 28.1054
29.8362, -30.7165, 30.6489, -31.2992
33.6439, -39.4336, 34.4148, -40.0706
4.23184, 6.14849, 4.46973, 5.1772
9.97294, 29.9732, 10.9221, 30.2879
41.9546, -19.3851, 42.8321, -19.8645
17.8703, -19.6968, 18.5647, -19.5923
29.3286, -14.4776, 29.5943, -13.5135
-38.8539, 37.5599, -38.3277, 36.7095
-3.05881, 8.94146, -3.32339, 7.97709
-35.7676, -2.56842, -35.6989, -2.12651
-42.0394, 17.1839, -42.6447, 16.3879
26.9119, -29.4266, 26.7961, -28.9793
30.6489, -31.2992, 30.7632, -32.2927
-16.5787, -15.1136, -16.2735, -14.1613
-38.3277, 36.7095, -37.4871, 36.1679
21.676, 26.9408, 21.9235, 26.8635
-28.5833, -36.1786, -29.5327, -36.4927
-24.9535, -19.9155, -24.4791, -19.0352
-11.6632, -18.5834, -12.1766, -19.4001
34.4148, -40.0706, 34.9604, -40.9086
28.3332, -29.3084, 29.2862, -29.0053
-42.6447, 16.3879, -43.5361, 15.9347
42.0112, -17.7317, 41.9554, -16.7332
27.3638, 11.1544, 27.0636, 10.4274
41.9554, -16.7332, 41.632, -15.7869
-30.9283, 34.7285, -31.2652, 34.9089
33.8408, 29.14, 33.0083, 29.146
17.5427, 18.4376, 16.7304, 17.8544
-3.32339, 7.97709, -3.04075, 7.8603
-34.2112, 17.6476, -34.0607, 18.1203
21.9878, 29.992, 22.3948, 30.9054
-17.0988, 35.8523, -17.9813, 35.382
-30.8192, 40.4309, -30.6767, 41.4207
18.184, 37.4129, 18.938, 38.0698
34.4148, -40.0706, 35.1244, -39.366
9.33785, 40.3765, 9.30395, 39.377
-1.11268, -8.08239, -2.0131, -8.25731
23.5953, -41.1401, 23.4676, -42.1319
42.8321, -19.8645, 43.1341, -20.8179
-33.0343, 16.5615, -33.4942, 16.2301
-30.6767, 41.4207, -29.9962, 42.1534
-32.8271, 37.8608, -33.0869, 36.8951
34.9604, -40.9086, 35.3237, -41.8403
6.0063, 5.33611, 6.4817, 5.68313
-29.9595, 8.05002, -29.971, 9.04995
-43.5361, 15.9347, -43.5406, 14.9347
-0.729656, 5.63379, -0.943862, 4.82832
-6.35861, -9.69212, -5.6908, -10.4365
-36.6945, 27.7236, -36.5938, 28.7185
-28.4262, 16.7838, -29.0638, 17.5541
-26.9678, 21.4055, -26.3773, 21.9474
-19.0802, -14.5697, -19.9307, -14.0437
28.1148, 14.6626, 28.4942, 15.3142
-9.96566, 31.9956, -9.31204, 31.2388
14.7589, -16.4528, 15.5759, -16.0116
-37.2754, -6.06903, -38.1711, -5.62441
-9.67571, -13.3169, -8.76265, -12.9455
-24.0679, 10.444, -23.8855, 9.97782
23.686, 24.417, 24.5148, 24.9766
33.0083, 29.146, 32.0259, 29.3332
-17.1956, 39.4673, -16.2579, 39.8146
-20.8203, 29.42, -20.9406, 29.0295
29.4256, -15.4729, 30.4255, -15.4848
29.0733, -38.1171, 29.8349, -37.469
-29.9962, 42.1534, -30.0186, 43.1532
-32.179, 26.1986, -31.7077, 26.5224
-9.96566, 31.9956, -10.27, 31.3469
16.4621, 29.4234, 16.2918, 30.3494
14.4684, 27.7164, 14.691, 26.7415
-6.14417, 8.97868, -6.3725, 9.33264
29.4718, 42.0472, 28.7105, 41.3988
-42.8511, 5.91636, -43.6911, 6.45904
-12.5235, -33.2095, -12.1433, -32.2845
-9.31204, 31.2388, -8.3558, 30.9462
33.9943, 7.81886, 33.8372, 7.98404
-40.1889, -11.0379, -41.0728, -11.5056
-2.0131, -8.25731, -2.92017, -8.29458
-43.6911, 6.45904, -44.4735, 5.83624
36.5578, -23.1376, 37.5544, -23.22
35.3237, -41.8403, 36.2636, -42.1818
42.8321, -19.8645, 43.7733, -19.5264
-13.9511, 32.0119, -13.4662, 32.8865
-12.2985, -15.2341, -12.4777, -15.2547
25.2812, -35.0944, 24.2823, -35.049
13.9248, -18.4724, 13.7687, -19.4601
10.9221, 30.2879, 10.9788, 31.2863
-16.2579, 39.8146, -15.2589, 39.8603
-39.4767, 17.6784, -39.1282, 18.174
-34.1497, 2.54907, -34.0708, 1.55219
-39.8243, 37.3182, -40.7446, 36.927
-30.8429, 2.3078, -30.652, 2.3197
25.9538, 19.1371, 26.8749, 19.5266
25.1103, -23.2721, 24.5124, -22.4706
-13.9908, -24.2777, -13.0391, -23.9709
30.9215, 19.594, 31.1399, 20.0191
21.6847, 12.5706, 22.1535, 12.2001
32.7155, 22.887, 31.8393, 22.4051
-13.4662, 32.8865, -13.0423, 33.7922
18.8911, 20.9621, 19.1659, 21.9236
32.3959, 37.4296, 32.9534, 36.5994
16.7683, 20.2426, 17.2073, 20.3505
-1.70709, 5.84505, -2.70283, 5.75294
2.71409, 3.81633, 3.41472, 3.10281
18.9189, -27.7675, 18.0374, -28.2397
-33.6232, -5.73388, -32.6829, -6.07433
-31.1788, 6.91492, -31.7584, 7.72979
-6.22837, -6.30915, -6.48022, -6.70534
-29.4565, 15.4963, -29.3552, 15.9299
9.30395, 39.377, 8.31902, 39.2041
-30.8192, 40.4309, -29.8579, 40.1552
31.6035, 40.4099, 32.2678, 41.1574
-14.1467, -26.9387, -13.393, -27.5958
43.1341, -20.8179, 43.3859, -21.7857
36.2636, -42.1818, 36.7282, -43.0674
-0.649257, 6.63055, -1.13778, 6.48315
30.7632, -32.2927, 29.8322, -32.1935
-22.0897, -25.7406, -21.0898, -25.7514
35.3029, -19.1673, 35.6799, -19.7034
-24.4791, -19.0352, -25.2433, -18.3902
-43.4439, 18.5598, -43.8779, 19.4607
1.27529, -1.37865, 2.12413, -1.90729
-8.3558, 30.9462, -7.35626, 30.9766
41.632, -15.7869, 42.5716, -15.4446
13.6412, 39.7769, 13.6882, 40.0768
18.3099, -25.7832, 17.3101, -25.759
17.3101, -25.759, 16.8454, -24.8736
-17.7733, 38.651, -18.7563, 38.8348
22.2003, 21.0776, 21.6229, 21.7592
-25.5565, 8.6248, -24.6652, 8.32468
-44.4735, 5.83624, -45.313, 6.37953
-15.0841, -16.2969, -14.3984, -15.569
29.2862, -29.0053, 28.5735, -28.3207
43.3859, -21.7857, 43.6215, -22.7575
-15.2589, 39.8603, -14.4505, 40.4489
-6.41136, -17.0041, -6.43995, -17.2079
30.4615, 41.9041, 30.3976, 42.1
30.5, 34.8726, 30.6656, 34.0576
-38.8467, -7.601, -39.7848, -7.25467
30.7632, -32.2927, 31.5743, -32.8776
-1.28295, -1.42039, -1.81176, -0.571649
16.2617, 28.4233, 16.2953, 27.6493
-36.7867, 6.06984, -36.2599, 6.91982
32.7614, -38.9633, 33.0056, -38.9444
43.6215, -22.7575, 44.6213, -22.7776
-18.1495, -39.5123, -18.3808, -38.9436
28.6285, 35.3503, 28.254, 36.2775
28.254, 36.2775, 27.5202, 36.9568
29.3723, 18.223, 29.9953, 17.4407
-17.7624, -20.4343, -18.034, -19.4719
30.0192, -40.7939, 30.9386, -41.0813
-23.8855, 9.97782, -23.2233, 9.44832
16.7261, 43.3451, 17.6876, 43.0702
26.6529, -34.0295, 27.5229, -34.0049
-33.9997, -4.80748, -33.1629, -4.26002
32.2678, 41.1574, 33.24, 41.3915
10.9221, 30.2879, 11.9208, 30.3387
13.1075, 37.8529, 12.4192, 37.1275
41.632, -15.7869, 41.1297, -14.9223
21.6847, 12.5706, 22.2492, 13.3961
28.6285, 35.3503, 28.3739, 35.3822
-22.5755, -29.3483, -23.5636, -29.1941
-25.2433, -18.3902, -25.5826, -17.4495
17.2489, -17.9178, 17.3173, -17.784
-12.2985, -15.2341, -12.3682, -15.2712
-38.7199, 13.9581, -37.9843, 13.2806
28.8492, -30.5559, 29.0735, -30.9779
-7.35626, 30.9766, -6.43049, 30.5985
41.1297, -14.9223, 40.1512, -15.1286
-9.14542, 5.82112, -9.49919, 4.88579
18.5893, -20.3919, 17.9047, -20.7869
-30.0569, 34.2379, -30.0997, 34.7199
36.7282, -43.0674, 37.6585, -43.4341
42.5716, -15.4446, 43.209, -14.6741
26.8517, -22.6177, 26.9784, -22.6181
-36.6511, -9.03616, -35.9226, -9.72119
43.7733, -19.5264, 44.4759, -20.238
43.7733, -19.5264, 44.5299, -18.8726
-29.9905, -0.432588, -30.6823, -0.693079
9.87373, -11.0482, 10.4865, -11.1611
-40.7446, 36.927, -41.3702, 36.1469
-22.3952, -26.6928, -23.149, -27.3499
-9.68758, 32.9562, -8.72177, 33.2154
-6.43049, 30.5985, -5.98565, 29.7029
-30.8858, 39.4331, -31.1401, 39.537
-29.9962, 42.1534, -29.0373, 42.4369
-21.0898, -25.7514, -20.1575, -26.1132
23.12, 28.8954, 24.0908, 29.1351
-16.1155, -26.6108, -16.5547, -26.4977
-38.1711, -5.62441, -38.1182, -4.86621
-13.393, -27.5958, -13.7396, -27.5942
-0.560866, 2.13392, -0.654609, 2.40945
31.5743, -32.8776, 32.5385, -33.1426
43.6215, -22.7575, 43.7058, -23.7539
35.1244, -39.366, 35.9045, -38.7404
-5.98565, 29.7029, -6.1622, 28.7186
24.5124, -22.4706, 24.1146, -21.5531
24.0908, 29.1351, 25.0908, 29.1408
29.4655, -42.1616, 29.4617, -43.1616
33.8372, 7.98404, 33.3665, 8.33715
21.1392, -22.8292, 21.117, -21.8295
-43.8779, 19.4607, -44.7634, 19.9252
6.34789, -12.5249, 6.30786, -13.5241
-42.1512, 0.323284, -43.1399, 0.173172
18.0374, -28.2397, 18.3715, -29.1822
30.9963, 39.7175, 30.3738, 39.7063
-32.6829, -6.07433, -31.7945, -6.5334
24.2823, -35.049, 24.6114, -34.1047
-14.4505, 40.4489, -13.5049, 40.7742
33.24, 41.3915, 33.4828, 42.3616
-43.1399, 0.173172, -44.116, 0.390401
-22.5755, -29.3483, -22.5726, -30.3483
9.97294, 29.9732, 8.98065, 30.0971
18.3715, -29.1822, 19.316, -29.5108
-5.98565, 29.7029, -5.0814, 30.1299
-5.0814, 30.1299, -4.97678, 30.8504
-24.6652, 8.32468, -24.3142, 7.38831
-30.0186, 43.1532, -30.8185, 43.7533
-25.5826, -17.4495, -26.2655, -16.719
18.2468, 30.3023, 18.6487, 30.6622
-10.5239, -15.7675, -10.8304, -16.4335
-29.0373, 42.4369, -28.3042, 41.7567
-15.727, -18.8329, -15.6376, -18.8097
-35.9226, -9.72119, -35.0957, -10.2835
35.9045, -38.7404, 36.9039, -38.7049
-24.9535, -19.9155, -25.159, -19.3971
-4.97678, 30.8504, -4.06944, 31.2708
-4.36891, -24.9674, -4.68495, -24.6866
-35.0957, -10.2835, -34.2417, -10.8037
-5.33936, -25.2087, -5.11147, -25.1521
25.0908, 29.1408, 25.872, 28.5165
-8.72177, 33.2154, -7.91342, 33.8041
-29.0638, 17.5541, -30.0606, 17.4735
27.7885, -22.268, 28.6339, -22.8021
-33.6232, -5.73388, -33.8527, -5.48281
-41.3702, 36.1469, -42.2609, 35.6923
-4.06944, 31.2708, -3.23819, 31.8267
14.8801, -10.5616, 15.65, -9.92344
27.3328, -31.7988, 27.0156, -30.9268
-6.43995, -17.2079, -6.75681, -18.0552
40.1512, -15.1286, 39.9323, -14.1529
43.7058, -23.7539, 44.1672, -24.6411
-36.5938, 28.7185, -37.3393, 29.385
-36.6092, 2.14291, -35.8558, 1.72175
28.7105, 41.3988, 27.7197, 41.2639
39.9323, -14.1529, 39.2115, -13.4598
29.4617, -43.1616, 28.5813, -43.6358
-5.11191, -15.1397, -4.43486, -14.4038
36.9039, -38.7049, 37.8522, -38.3877
-36.6511, -9.03616, -36.6297, -9.16001
18.3715, -29.1822, 17.4208, -29.4923
6.4817, 5.68313, 7.44522, 5.41552
1.04109, 7.54505, 1.02363, 8.10952
-41.0728, -11.5056, -42.0704, -11.4372
8.31902, 39.2041, 7.641, 38.469
-28.3042, 41.7567, -27.9342, 40.8277
21.2761, 29.6942, 20.5757, 29.8379
-41.7536, 4.32033, -41.2294, 4.31614
23.2344, 19.664, 22.575, 18.9122
-32.0911, 14.4921, -32.3777, 13.5341
-32.7689, 28.1054, -31.9383, 28.6622
-2.69974, -15.821, -2.13212, -16.5644
-23.5121, 15.9509, -24.5039, 15.8235
-26.2655, -16.719, -26.8519, -15.9089
-32.5544, 25.2718, -32.9066, 24.3358
-14.5979, -41.0107, -13.8823, -40.3122
-34.2417, -10.8037, -33.7209, -11.6574
-44.7634, 19.9252, -45.5211, 20.5779
14.3748, 44.1196, 14.9147, 44.9613
-17.2075, -33.8764, -17.3728, -33.4927
-13.5049, 40.7742, -12.6141, 41.2287
-14.1467, -26.9387, -13.3767, -26.3792
16.2918, 30.3494, 16.4895, 29.9578
26.1252, -37.8038, 25.9902, -37.6539
6.42231, -10.5071, 6.33477, -11.2446
-21.8345, -37.2768, -21.2941, -36.4354
24.1146, -21.5531, 23.3288, -22.0052
32.5385, -33.1426, 33.4465, -33.5616
36.5578, -23.1376, 36.0766, -24.0142
-12.6141, 41.2287, -11.7645, 41.7561
-26.8519, -15.9089, -26.2363, -15.1208
-22.101, -20.4684, -21.6399, -19.581
-18.1512, -34.2071, -18.3679, -34.6415
-2.13212, -16.5644, -1.2406, -16.1114
33.0056, -38.9444, 32.94, -37.9466
12.4192, 37.1275, 11.5091, 36.7131
-27.755, 22.0222, -28.0686, 22.7639
-31.7584, 7.72979, -32.3887, 8.50615
-42.2609, 35.6923, -42.832, 36.5131
-35.9484, 2.89347, -36.6083, 2.82463
16.6173, 5.11748, 17.0834, 5.35158
-5.6908, -10.4365, -4.86379, -10.9986
-41.7536, 4.32033, -42.6611, 3.90009
-45.5211, 20.5779, -46.3313, 21.164
28.3739, 35.3822, 28.347, 34.5568
20.7594, 10.8449, 19.8498, 11.2603
-30.8185, 43.7533, -30.3764, 44.6503
37.6585, -43.4341, 38.6454, -43.2731
-17.7489, 10.787, -17.7226, 10.5979
0.886353, 0.954301, 1.83995, 1.25538
-11.7645, 41.7561, -11.4458, 42.704
-3.32339, 7.97709, -4.03726, 7.27681
-32.0911, 14.4921, -33.0849, 14.3813
27.5229, -34.0049, 28.4126, -34.4615
39.2115, -13.4598, 39.6362, -12.5544
-43.5406, 14.9347, -44.527, 14.7706
-44.4735, 5.83624, -44.2082, 4.87207
-9.74169, -16.307, -9.16484, -16.6716
6.93347, -11.7143, 7.52348, -11.5489
17.4208, -29.4923, 16.4211, -29.5155
37.5544, -23.22, 38.1722, -22.4337
-42.2609, 35.6923, -42.5982, 34.7508
-24.7605, 24.1529, -25.3839, 24.9348
44.1672, -24.6411, 43.8896, -25.6018
-29.196, 6.98885, -28.9067, 6.81416
-26.9815, 30.6978, -27.9766, 30.5991
32.8697, -20.4954, 33.0699, -21.4187
17.6876, 43.0702, 17.1934, 42.3998
-0.943862, 4.82832, -1.65373, 4.90202
-44.116, 0.390401, -43.9688, -0.30663
-16.4335, -27.5589, -15.7987, -27.4579
-31.9383, 28.6622, -32.0334, 29.6577
23.8596, -40.1756, 24.1909, -39.7246
20.8901, -38.6853, 21.1215, -38.897
24.9124, 20.7431, 25.0554, 20.8906
7.46112, -9.77882, 7.60234, -9.75313
14.8801, -10.5616, 15.5664, -11.2889
-37.3393, 29.385, -36.5714, 30.0256
18.7062, -16.559, 18.3143, -15.639
-41.9465, 1.8155, -42.7128, 2.45804
-3.23819, 31.8267, -2.38004, 32.3401
-11.4458, 42.704, -10.5249, 43.0938
-10.5249, 43.0938, -11.0655, 43.935
-11.8004, -33.9003, -10.9573, -33.3625
29.3276, -17.3188, 29.4286, -17.6849
30.1018, 12.7843, 30.9319, 12.5852
-12.1766, -19.4001, -13.0027, -19.9638
-37.3393, 29.385, -37.6282, 28.6274
17.8339, 37.7021, 17.3241, 37.7874
43.1341, -20.8179, 43.6286, -20.7679
6.34789, -12.5249, 5.34808, -12.5054
-34.0708, 1.55219, -33.3109, 0.902221
-30.1921, 7.07744, -30.2749, 7.40096
35.3237, -41.8403, 34.6644, -42.5921
-13.0391, -23.9709, -13.2193, -24.5848
36.5578, -23.1376, 36.5281, -22.6544
7.641, 38.469, 6.8399, 39.0676
-19.3878, 8.2593, -19.1916, 8.19408
-41.9465, 1.8155, -41.7015, 2.78501
-3.71422, -26.7798, -4.30108, -27.5895
-42.832, 36.5131, -43.1476, 37.462
-11.0655, 43.935, -10.3873, 44.6699
3.41472, 3.10281, 4.19933, 2.48282
10.9788, 31.2863, 10.3358, 32.0522
-24.1729, 32.8943, -24.0281, 33.5533
-13.0423, 33.7922, -12.36, 34.5233
23.686, 24.417, 23.7319, 24.8228
32.7155, 22.887, 31.9359, 23.5133
43.209, -14.6741, 43.7071, -13.8069
-34.831, 18.4324, -35.83, 18.3888
43.8896, -25.6018, 44.0215, -26.593
-43.9688, -0.30663, -44.7009, -0.98782
-31.7945, -6.5334, -30.8027, -6.66103
-36.7461, 5.07066, -37.7336, 5.22776
23.4676, -42.1319, 22.9954, -43.0134
18.4813, 3.27177, 18.793, 3.28489
16.6173, 5.11748, 16.6247, 5.42438
19.8498, 11.2603, 18.9833, 11.7596
-30.8027, -6.66103, -30.2515, -5.82667
-42.0704, -11.4372, -43.0001, -11.0688
39.6362, -12.5544, 40.1309, -11.6854
-22.5726, -30.3483, -23.0666, -31.2177
25.872, 28.5165, 26.7745, 28.9472
-45.5211, 20.5779, -45.0685, 21.4697
24.6937, -24.1812, 24.8424, -24.1012
-29.971, 9.04995, -29.6774, 10.0059
16.4211, -29.5155, 15.6115, -30.1025
-7.66018, -27.0166, -8.45263, -27.6265
-2.38004, 32.3401, -1.48996, 31.8843
40.1309, -11.6854, 39.6508, -11.3966
-43.0001, -11.0688, -43.3702, -11.9978
-23.0666, -31.2177, -23.2217, -32.2056
40.1309, -11.6854, 40.7534, -10.9028
-34.0607, 18.1203, -33.5377, 18.9726
-17.3728, -33.4927, -17.205, -33.5285
11.7944, 14.3028, 12.0076, 15.2798
-1.11268, -8.08239, -0.397684, -8.78151
32.7614, -38.9633, 32.7913, -38.8919
44.5299, -18.8726, 45.3086, -18.2452
17.9047, -20.7869, 17.9709, -21.6336
-43.3702, -11.9978, -44.3622, -11.8718
-20.783, -23.0369, -20.2, -23.8494
25.1519, -37.5742, 25.5711, -37.4098
40.1512, -15.1286, 39.278, -15.6159
22.9954, -43.0134, 23.1584, -44
10.6908, 26.2392, 11.4473, 26.6063
29.2862, -29.0053, 29.8014, -28.49
18.0808, 20.0738, 18.5815, 20.1423
20.146, -22.7126, 20.2881, -23.7025
29.8014, -28.49, 30.7928, -28.6212
-17.697, 9.7883, -17.1723, 9.81536
37.6585, -43.4341, 37.3778, -44.3939
-30.9219, 37.3044, -30.2967, 38.0849
26.1816, -26.6277, 26.0764, -27.0527
4.75401, 8.89769, 4.29294, 9.43336
-31.6395, 24.8682, -32.1031, 24.7721
-33.7209, -11.6574, -32.7404, -11.461
-32.6829, -6.07433, -32.5767, -5.10121
-29.971, 9.04995, -29.241, 8.98925
39.6508, -11.3966, 39.7256, -11.4885
-23.785, 14.3515, -24.6124, 13.7898
-28.9067, 6.81416, -28.7619, 5.8247
14.9147, 44.9613, 15.1928, 45.9219
35.6799, -19.7034, 35.728, -19.6067
35.3139, -18.1673, 34.7196, -17.3631
-35.9226, -9.72119, -36.2413, -10.3092
19.4865, -19.9504, 20.4013, -19.5465
-25.5712, 27.5883, -26.286, 26.889
-44.2082, 4.87207, -44.132, 4.16021
-4.86379, -10.9986, -3.89651, -11.2523
-16.4285, -29.3346, -15.9546, -29.5832
-9.14542, 5.82112, -9.1586, 5.64512
29.8014, -28.49, 29.9334, -28.0496
-41.2294, 4.31614, -40.4991, 4.99924
28.254, 36.2775, 28.5558, 36.9836
12.0076, 15.2798, 11.2713, 15.9565
-36.2599, 6.91982, -36.5141, 7.24409
-30.8027, -6.66103, -30.6293, -6.31696
15.6115, -30.1025, 14.9441, -30.8472
32.0259, 29.3332, 31.0459, 29.5321
-43.8779, 19.4607, -43.1605, 20.1574
33.1555, 20.2731, 32.5378, 19.4867
-29.241, 8.98925, -28.2906, 9.30036
18.3143, -15.639, 19.0768, -14.992
15.5334, 39.3294, 15.7155, 39.7468
26.2807, 18.1921, 25.2991, 18.0014
-43.1476, 37.462, -44.0797, 37.0997
-21.522, 28.7076, -22.097, 29.1756
-44.7009, -0.98782, -45.6193, -1.38365
36.0766, -24.0142, 36.6052, -24.7054
-6.16592, 7.97892, -5.90455, 7.01368
-26.9678, 21.4055, -26.9191, 21.8193
-16.416, -20.4934, -16.1227, -21.3147
34.6644, -42.5921, 34.429, -43.564
-7.91342, 33.8041, -7.73314, 34.7878
37.8522, -38.3877, 38.1132, -37.4224
-32.3632, 16.4625, -31.8903, 16.3978
38.6454, -43.2731, 38.3863, -43.1279
-18.7563, 38.8348, -19.4016, 38.0708
19.2287, 32.8709, 18.6772, 32.854
-10.5249, 43.0938, -9.56959, 42.7982
-22.097, 29.1756, -23.0965, 29.2075
-38.1182, -4.86621, -38.8835, -4.70589
-40.545, 1.50343, -40.626, 1.4763
25.0908, 29.1408, 24.9768, 29.2997
7.641, 38.469, 7.669, 37.4694
-16.0763, -39.0604, -16.1246, -38.0616
-25.9391, 23.314, -25.8336, 23.8962
-45.0685, 21.4697, -44.8106, 22.4358
24.9768, 29.2997, 24.9172, 29.8971
-8.45263, -27.6265, -7.92824, -28.478
44.0215, -26.593, 44.9241, -27.0234
-44.7009, -0.98782, -44.3082, -1.7495
21.117, -21.8295, 21.6995, -21.515
1.27529, -1.37865, 0.857651, -0.616067
-44.8106, 22.4358, -45.1768, 23.3664
-1.2406, -16.1114, -0.843738, -15.1936
34.429, -43.564, 33.9618, -44.4482
9.17224, 7.96538, 9.04352, 8.25777
42.5716, -15.4446, 43.4262, -15.9641
-23.2217, -32.2056, -24.2216, -32.1931
-7.66018, -27.0166, -8.15316, -26.2854
3.29164, -7.87028, 2.31746, -8.09604
30.7928, -28.6212, 31.6073, -28.0411
-2.38004, 32.3401, -2.62504, 33.3096
15.5603, 38.3297, 15.7426, 38.1513
34.4776, 28.369, 34.2193, 28.1762
13.3466, 12.7107, 14.2906, 13.0407
28.5558, 36.9836, 29.2358, 36.8532
-45.313, 6.37953, -45.524, 7.357
26.5939, 9.61154, 26.3572, 9.91206
-27.755, 22.0222, -28.5915, 21.4742
26.5403, 11.7218, 26.843, 11.9488
-31.696, 2.82953, -31.7101, 2.58127
-9.56959, 42.7982, -9.13023, 41.8999
-12.6141, 41.2287, -12.9325, 41.626
33.9618, -44.4482, 34.1061, -45.4377
-35.0957, -10.2835, -34.9288, -9.61217
26.7745, 28.9472, 27.0706, 29.9023
-26.2363, -15.1208, -26.753, -14.2647
-2.62504, 33.3096, -2.57735, 34.3085
-18.034, -19.4719, -18.0946, -18.4737
-23.149, -27.3499, -24.1401, -27.4833
-9.13023, 41.8999, -8.9229, 40.9216
29.1166, -41.2245, 28.2048, -40.8139
29.9334, -28.0496, 29.6407, -27.9248
-39.7848, -7.25467, -40.7847, -7.27026
-33.4942, 16.2301, -33.1823, 15.7684
15.6115, -30.1025, 14.8095, -29.5052
-5.11191, -15.1397, -5.46707, -14.3378
-12.36, 34.5233, -12.4341, 34.5095
-30.663, 24.6527, -30.247, 25.301
45.3086, -18.2452, 46.2232, -18.6495
-13.393, -27.5958, -12.3992, -27.7076
1.65312, -4.22317, 0.764445, -4.68171
39.6508, -11.3966, 38.9945, -10.6421
